- ghcr.io/kubedb/hanadb-coordinator:v0.3.0
- saplabs/hanaexpress:2.00.076.00.20240701.1
- saplabs/hanaexpress:2.00.082.00.20250528.1
- saplabs/hanaexpress:2.00.088.00.20251110.1
